208.0431216
10490.4479054
51893.3308797
62042.2310263
80387.6547022
81396.6800973
279.8641614
10656.1920669
99933.6182805
110092.681518
182776.7870423
193141.5246093
281820.1001125
282242.7772152
370249.805856
370250.3002323
370499.4987609
370500.0127459
370573.5071062
370996.7737324
370997.2718266
371950.5148777
371951.0254202
372099.0460522
372522.066876
372522.5563658
372957.9960157
377561.5266124
378057.4408462
378479.4262133
378667.6969406
379109.5196753
379867.7787515
380307.6322896
380308.1222349
387088.4729103
387143.8765733
453513.1489112
453669.4440179
454082.5508749
454190.2141743
454609.7627284
454610.2598979
455031.3479066
456740.3763144
457163.4573257
457163.9594517
457288.8774869
457288.8941074
457289.3939367
457289.404712
465547.5838649
465548.1306993
465548.7365088
465549.283011
465549.801156
465550.305428
465550.8115723
465551.3220275
465551.8527586
465552.3824267
465752.7160307
465753.2214207
465753.7363437
465754.2916236
465754.8038635
465755.3426466
465755.8442044
465756.3476893
465756.8601057
465757.3916775
465919.2930317
467058.8813971
467128.8981259
467199.8900314
467271.8730273
467345.072892
467418.2794146
467492.0708408
467565.9792346
467640.4001643
468739.0134947
486006.6168228
529032.7485199
530412.362273
532205.2160494
541760.0450533
559099.5923198
559336.8276499
563385.2857113
563763.8424081
563764.471423
564172.6952932
620167.1643452
620612.6100447
620613.281701
621100.2531499
636533.8156958
637728.1350272
637737.8729471
638994.8185182
706192.5274731
716217.5465839
716227.8654351
726491.7531702
757585.9910243
767588.5133631
767598.7537569
777857.3617036
789630.074646
799540.9148264
799551.6455359
809503.9983741
809514.1706563
819422.621287
819433.1504052
829301.5591628
838102.2920277
838104.2883677
838106.0096455
838115.5278734
838493.2643264
838720.1460635
839686.0682354
839912.255514
840292.5467716
840399.0714447
840620.4541726
843409.1357162
843631.7116771
844086.2168538
854001.9716318
854014.8018685
863928.2345274
863939.2482425
863994.8695732
878396.024828
878413.8985819
888264.0313935
888276.8537003
898167.2788145
898179.6342616
908129.7358685
908143.5356189
918140.6003766
925663.9633438
935570.190708
935583.4101627
944608.0500166
944619.8554764
954272.1172531
954282.2640941
963973.5194144
963984.3186393
973604.5261821
973617.2234101
983272.4150795
983284.2318657
992909.3597463
992922.2004611
1002090.9398151
1002100.9675114
1365504.2156235
1377569.7599453
1386814.8423589
1386825.5738844
1397768.2360638
1397780.1280199
1408667.6242984
1408678.4924586
1418896.8285754
1418907.3778984
1429174.6670704
1429186.5064449
1440275.8417364
1440287.2500963
1449811.2281577
1449822.178191
31827.3462484
53975.4535591
288.0091558
87566.3858028
97125.5708574
97139.1275077
108748.1864473
108758.7049728
118781.8244428
118795.5437003
128167.6699113
255017.73351
265281.1744812
265283.0390123
288749.2109064
299040.9034859
299053.420903
309334.8109177
309347.3613949
319639.6912684
622.7740232
10941.1781783
10952.0435338
21274.1499389
21286.0333857
31602.7774903
31614.6011596
41928.9491724
41941.101366
52255.2759747
98755.4041636
109043.1951122
109053.6051596
119344.2179806
119354.7014644
129640.0530253
364822.7634502
365228.7213267
370925.4431495
371335.4633083
374981.160978
375393.3104659
376083.4243112
376485.6542965
377610.0997193
387921.831369
387936.0358891
389673.7134986
399959.7233896
399972.2845404
410310.151425
1072.7562261
11405.7821529
11417.1064956
21813.6950062
21826.9924245
32232.3013665
32241.3621091
42563.4029805
360.1794921
10670.8932952
10681.9317494
21000.1668178
21010.6260042
32728.9453677
140588.8854501
152137.6461225
152148.5247136
162462.9741626
162475.7472422
174210.806403
249659.3349983
249797.6571128
250201.8078866
250212.6350818
250622.1342717
250633.3529672
251045.4215196
252403.2710774
252816.5154952
252816.8808389
252882.4058834
253289.4277212
254386.3480161
254802.250105
254970.5764084
255373.3073387
256401.8888655
256807.5448053
146.5111916
263.2910463
10629.1416347
20666.4520795
31596.9773982
32705.681031
33109.2025375
33109.5543805
33172.4877988
33235.7536638
33363.1215229
33772.8011677
40025.1951975
50845.1797598
52040.9088767
52454.4501469
53829.3505201
54244.0228614
56978.961048
57127.9042502
57531.8209138
59881.4042264
60291.2909518
61478.2597491
61890.038849
62867.6216033
63280.6201238
66824.1323382
67229.4312742
67902.0257917
68333.2670279
70325.4667265
70731.5440003
71555.9475009
71960.0185518
72705.7301828
72706.2118987
73612.3575347
73612.3658213
74727.269662
75437.8750623
75961.1594964
75961.9217837
76264.7727493
76560.2135851
76561.0099401
76644.3654629
77301.7012113
256.0219804
13169.8047069
13180.459071
17597.2310684
28667.0176896
29077.8486256
357280.9677171
370870.4179233
370883.4497904
381072.6206654
185.6223034
12999.5285676
13011.4970381
24962.3899333
24974.5149265
37021.9253898
92.3565476
12575.9435536
12587.0274838
25046.851206
149102.4575602
149519.2072555
165271.7626771
175575.7274009
195126.79412
195540.1451791
196226.3723261
196638.7505678
196883.6963783
197298.3480357
422893.4759211
434072.5855228
434082.9667153
445407.7284701
445419.5164868
456741.4865172
456752.9792435
468097.4797663
468111.0303596
479431.0029042
536828.8062476
549624.4959031
549634.9735703
560963.1442004
2102.6672826
13423.6099443
13435.4166759
442.0198063
11759.818258
11771.7906394
23130.2797616
81984.486078
82399.3141949
85782.2707206
97006.965693
103118.2659915
103530.4045751
103530.6952919
102.1208419
154.7811449
559.6181595
3295.3582498
7916.0355953
9186.0961531
13894.360605
13896.0868993
103.7581983
4275.9593477
4686.1108513
5411.0373696
5879.156985
6292.263203
9469.3495136
13114.0850734
17847.9247329
18263.9191902
23726.1282553
27209.4255475
29615.7093792
29951.641771
30465.4743091
30797.5526275
31245.2791362
31576.9304906
83.870193
3773.1836063
3784.4338287
7323.468035
7335.0748096
10794.0933044
188.2601738
3613.5471886
3625.2321065
7341.7573596
7351.3442096
10723.4683604
1842108.5244403
1906441.3898986
1908884.7108252
1908896.7604703
1911337.5481076
172353.0630357
172771.4671877
177989.1381042
179218.0864253
181160.7328812
230333.6682976
233557.771992
233569.1905566
235350.1959478
235360.3281328
237308.8943678
254411.5748438
254431.8842068
254744.1446931
254788.2624811
254965.7153577
255048.632041
256107.7553271
256194.5739249
256465.5532527
256500.2610608
256693.9391766
256729.1387748
256760.538028
256795.3896523
256849.4530656
256851.1473006
256885.1951044
256886.4008485
257054.6919507
257089.6870248
257265.2526409
257299.5594587
257439.6647107
257474.5036138
257756.7612491
257791.6496253
258380.1927944
258414.7298047
258542.7414775
258594.910552
259354.6007207
262513.5208921
262524.9024045
265361.5001623
265374.9560059
268472.2108201
268482.1958746
271651.0401441
271665.0823616
273926.8060224
479.5667233
3661.1950067
3674.8769697
6609.7566152
42245.3253703
42450.0963254
42569.2602674
43280.2945737
43436.100701
43499.0515254
44874.4793689
45342.9495754
54665.4126402
54963.6909232
54968.56021
55311.6129601
55316.3275287
55675.0678293
55679.7809055
56037.5444784
56042.224951
56393.0546586
56397.7960006
57101.1011355
57105.8210751
57468.1938906
57472.932081
57833.669236
85525.6897793
86499.0252042
127342.4514301
127482.0719413
127486.798993
127562.9268652
127567.6560638
127685.7900019
127690.9420454
127821.1794733
127825.9189669
127955.9633008
127960.6987307
128086.0907499
128090.8252427
128220.5319955
128225.300679
128346.4671474
686037.0008129
688613.6435622
690324.3748651
694104.5986005
709071.6410344
711572.3613947
716175.3482458
719902.4503909
719912.8856198
722102.8208328
722115.3304503
725540.1428053
725552.0616394
729166.8966803
729177.592336
732857.0144604
732867.8290716
732923.6496007
732979.4219708
273.4695529
3724.5171036
3736.7863448
7270.2829558
7281.5349367
10940.9936429
10951.5489165
14561.8785861
17512.4186662
19946.6378931
272.2624312
2642.6101141
2655.2684671
5095.8256925
5107.0877981
7538.0042444
7548.6456673
9963.0302654
9975.664998
12403.3787707
33120.9044803
35519.8723249
35530.427623
37895.7213202
37906.2224048
40612.5844505
40622.7777321
100056.4938598
83.4483804
4010.6445101
15821.3119094
18237.9813332
18250.7816238
20673.9759737
20688.0219141
23098.4036189
23109.4934453
25496.4117572
25507.1412324
27920.3957456
52764.0009879
55209.8270903
55220.0777476
57697.1115192
57711.3740098
60171.792622
60184.3477344
62655.9029231
62665.8374047
65113.1765992
65125.2075102
102398.456312
104825.2148982
310.7003299
2690.741955
2701.4644817
4797.6438624
4809.4233165
7104.3704504
7116.7071662
9499.2698429
20096.340008
23639.0157988
28977.4948434
31209.8727632
31222.2723138
33500.8570664
33511.7820682
35788.9280608
35799.8547639
38072.7627705
68436.7452254
70745.770355
70756.9972782
73426.0019592
245292.2763701
390054.61819
392515.4881247
392526.0933523
394927.3930413
394937.6637418
397339.6956445
397351.571963
421195.0197047
423523.9365172
458720.5514573
460975.0036342
468760.1976846
470884.6071646
470896.2285853
473015.096348
473028.4195175
475131.967548
475143.1035272
477268.8404334
477279.4707654
479661.716593
479674.2691334
482170.9253274
482181.3516773
482237.0948755
482292.8340874
482348.5793706
503007.1539684
505137.5162456
505148.3082338
507345.7779441
507357.6868906
509508.9971957
509522.2066612
511701.6859326
511715.8376114
560277.7214121
562403.3956806
562414.1027654
564530.6788493
564543.3520097
566668.5962697
566679.8927986
568813.7850579
568825.9548076
571071.3823787
598973.7098613
601121.1335762
601132.6122331
602956.2547768
602967.1349573
605058.0443208
605067.5904776
607140.4649225
624398.776298
626468.1520312
626478.6525735
649696.9422956
651759.0167787
651769.3153491
653824.8415401
653836.5734724
655891.2675212
655903.9290659
657963.5973505
657974.04522
660033.4659879
711344.5500752
714661.2074323
714670.6798
716615.8842103
716627.5742611
719607.5673655
719617.7823634
769584.8657767
772533.3212734
772544.1729219
774800.3353527
774811.0387288
777343.7738231
777355.550419
779880.0579055
779889.3321633
821085.3670672
872972.7597977
875503.3519487
875514.7495901
878523.7665966
878537.7179146
881371.166876
905428.1522369
907748.116805
907759.3461977
910088.9191131
910100.9266189
912430.7613897
912442.5161795
914784.4945948
914796.6092518
917482.7334203
943034.7770715
943090.8066494
943146.6564395
943202.4630235
943258.372654
1044866.2316145
1047177.985607
1047189.7795104
1049514.2242152
1049525.0344432
1051860.517443
1051869.9700848
1054219.3928519
1054232.4266834
1056556.3042692
157.0499457
2390.5562741
2401.575645
4725.1261949
4735.952885
6853.3307499
6864.1443172
9224.9795904
9235.3508827
11564.3266051
11575.4515599
13914.2462995
13923.9090605
16270.6149791
62161.3113048
64304.6899843
186303.5893054
188489.7739604
188500.7611029
190892.6242179
190904.43911
193261.1158767
319364.3007275
321794.5227862
321806.166388
324216.4227456
324227.0853763
326622.5872725
326636.7755044
329035.4712962
355628.6218134
358080.6442918
358091.2180189
360529.9283063
360539.238604
363011.6181969
363023.376841
365832.54565
365843.2670226
13081.4457687
15271.2573099
15283.0269608
2975.3189576
5154.3498259
5166.6172285
7481.6921368
54748.4961947
56712.3460949
56723.094741
296.0811771
2611.0086677
7423.0800778
9326.6113217
1676.667293
200.4822888
2224.1215692
2236.5919042
4443.6433545
191.3748807
2352.9536008
2363.4407223
4536.1131976
4549.2538563
6703.7331919
6716.719595
8882.9400255
36667.9322292
38934.132926
38945.6847304
41248.0249237
41258.7929798
43547.7855735
64633.1224445
67239.2381197
67249.5281695
67305.4948609
67361.3406034
82740.267245
82796.2118297
82852.0493
82907.9098044
136.4607917
2408.7844887
2421.2350695
4561.7892704
4572.9874104
6624.8537569
6635.2970831
8788.0453321
8798.9059456
10865.4799486
36281.6426686
38617.2444617
38627.8089886
40562.6682678
40573.1092799
42798.0692969
42809.24741
44955.5428473
53999.8845784
56358.8114589
56370.7883468
58210.323993
58219.8715944
60314.3425376
60325.1476309
62384.7461825
67659.7355787
69710.2166353
69721.3786413
71756.2849883
71767.453078
73805.6682487
73816.5887648
75870.7077786
180999.9182863
183177.4796492
183188.4776212
185262.8797196
185273.324447
187530.9047988
187542.0888835
189796.1255567
189809.1479872
193041.3109695
195210.0889116
195221.3303016
197112.1864387
197126.5484906
199375.3080369
199386.5519461
201664.0006465
210763.7479502
213095.6894734
213107.7204253
215676.2367036
215687.0230458
218049.4185218
218062.5022291
220526.6798251
221137.5032033
221193.6629707
221249.6434176
221305.6199165
221361.5927012
221417.4237395
221473.2493151
266029.916806
268319.1012848
268331.1151787
270782.2522922
270793.5178452
273086.3497323
275690.6770526
277980.0111561
277991.7900241
280286.4768215
280297.9115698
282763.7003395
282776.1036567
285069.6007036
926.7204237
3238.2881823
977.5950549
31193.7259298
33446.7016032
33456.5874763
35538.7498629
35549.1536224
37932.8759394
37945.8065259
319.6308836
2663.9895965
2673.6916819
4973.919007
4985.1097161
7284.5682141
7297.0844788
9615.7766782
9626.5914987
11965.4986606
15228.5356402
17552.3533444
17564.9085716
19814.8930354
19824.7241961
22114.771726
22125.2179487
24376.7076231
191.8310075
2437.2748747
2448.2780553
4700.4763342
4711.0493062
6968.1070067
6978.1929212
9400.4734415
427.5000187
2857.7179614
2870.6666871
5305.6521836
5315.8974653
7801.794311
7811.9905904
10264.8668769
12869.3715165
15354.0123524
15364.1147571
17830.7319145
17842.1935416
20299.7559475
20311.0225562
22979.3231386
887.0395611
3249.104483
3259.5141743
5646.6558599
5656.7084377
8051.8542215
8064.6300791
10447.956285
15576.31523
18035.3645734
18045.4088784
20499.3651139
20510.2824182
22971.1169973
22980.2083182
25688.0564888
5253.1640197
7752.2061215
7763.1696292
9961.5349914
9972.1210434
12703.5876877
12714.8479453
15623.6742214
16161.2785098
18703.3850567
18716.3293088
21252.0083174
21261.3289842
24108.8397036
24120.6191721
26850.3108201
914.5109141
2835.6620972
9418.9677968
11541.1434552
1817008.03512
86735.1055809
89997.9224528
90010.5332888
90052.1699299
