32031.2704244
42679.8392068
42786.1825617
58806.9025935
6380.9043741
411961.9408229
414243.2699776
417730.3398143
418977.0503528
421507.8240709
426194.4788774
454483.9610296
454850.5454043
456505.9435303
514767.6854919
522037.0035004
700728.0398047
707884.6055084
772925.4023311
799094.3177781
799138.0883312
858023.4858713
858581.2870247
859257.1483265
861064.1569928
861441.2818264
862354.3481679
862729.1091011
885102.5374072
885230.6682893
885778.1661275
885931.9168447
886875.4815064
886916.0030654
889275.8764423
889821.7797849
890224.4276207
890623.9431156
890711.6918229
891357.5326255
891526.1014507
891892.3970945
905654.1227073
906027.8923431
906847.8762779
906847.92575
906895.6979338
906895.7276885
906951.2376476
906951.2439635
907032.1838122
907074.5461059
907449.2657018
908289.0879567
908555.0897969
908803.9045739
913124.7496326
913451.0144812
922928.2661291
923296.6381689
923414.819463
926240.9435538
926356.8382443
134237.8682163
135565.3771703
136786.1179716
136893.6279457
204.3145426
239.1795529
778.8428948
62169.7535036
86195.8665396
86672.0704498
90579.7666075
112700.4460463
113272.0421918
118811.6427939
157951.5472272
159388.9349426
159454.1824077
159605.6780999
159891.064871
160182.862467
160257.2887832
160586.9647632
160630.7125256
163170.6792664
163214.0851221
163915.226424
163958.596675
408910.2498762
409286.9262529
409344.8188673
409510.7678561
409565.9665183
17813.8555093
106032.0840845
106649.4026242
108349.2105935
111628.9101522
117431.3827144
119062.4921687
120442.4445272
121531.0478172
122307.8147493
123838.4363658
138485.5581523
143444.0025923
147433.4546863
148945.1097633
152959.2319975
153556.3053277
153556.4303656
153809.5535817
153835.2282784
181479.6688221
181506.1276153
181731.1979449
182104.6570949
182546.4632997
187735.8728192
187997.0156816
189512.0971395
190268.6582982
231575.1518689
233310.7436317
234244.3421811
234346.9160526
238771.9367713
274503.5284484
282623.6336107
287394.3729057
287919.0319842
296938.4334259
297067.1094571
298832.7273141
299139.322351
299261.3978458
299355.3933735
4516.4934084
400.4129129
776.7075699
850.1934994
943.8601401
1181.2889326
1548.4801383
1801.1455207
1884.2849508
1971.3395164
2201.7726525
2497.8391911
3227.1786346
3976.9660514
4061.9434317
4356.9346158
12441.1885076
14671.68231
16184.6001764
22326.342036
103031.2314009
103118.8681255
226525.8990825
247936.2719217
249213.7339537
249217.9940342
249461.2317795
250099.6449092
252648.3055778
252706.1409953
266967.5092604
270982.8037549
273389.1730289
282322.5821332
14492.3459601
17379.6956186
22313.0564346
24798.3047798
26313.6244949
29783.3052723
38770.4805446
39809.1037532
40971.8671643
88751.0018872
89113.318474
102565.9429483
126544.658618
158024.1267374
160937.1194906
168308.7188114
168453.2531909
243137.989474
247179.2681059
248887.0859889
254049.9445433
255429.9857343
290568.1354967
326102.1883446
363352.1007741
364533.7142047
377491.4145932
772733.2796388
775739.703452
778727.4699105
780525.0536708
786209.132507
735659.1615843
758726.1137375
773080.6615556
795796.2722758
854782.6837857
877486.1859517
902765.4102852
903123.0593748
904554.6218894
904962.7638622
905583.5483703
906006.6907167
909017.6649954
931641.1699389
986863.0534439
987683.711218
995730.1309396
1018750.2873708
1028231.7564764
1028503.2129165
897.2399366
23590.7443432
45718.2099796
68320.2450781
190500.0170721
213047.4559045
266335.8140252
266383.2425376
267696.7160295
269657.2994884
335156.9325879
339983.2279726
